10
ADDC 176 118 0 0 0 255 0 3
ADDP 76 204 0 0 1 1 1 1 
ADDP 375 298 0 0 1 1 1 1 
ADDP 327 94 0 0 1 1 1 1 
ADDP 243 86 0 0 1 1 1 1 
ADDP 209 96 0 0 1 1 1 1 
ADDP 176 117 0 0 1 1 1 1 
ADDC 248 156 1 0 0 255 0 3
ADDP 53 222 1 0 1 1 1 1 
ADDP 400 442 1 0 1 1 1 1 
ADDP 485 189 1 0 1 1 1 1 
ADDP 341 122 1 0 1 1 1 1 
ADDP 277 145 1 0 1 1 1 1 
ADDP 248 155 1 0 1 1 1 1 
ADDC 355 298 2 0 0 255 0 3
ADDP 263 456 2 0 1 1 1 1 
ADDP 775 555 2 0 1 1 1 1 
ADDP 445 283 2 0 1 1 1 1 
ADDP 432 241 2 0 1 1 1 1 
ADDP 392 249 2 0 1 1 1 1 
ADDP 355 299 2 0 1 1 1 1 
ADDC 547 468 3 0 0 255 0 3
ADDP 446 500 3 0 1 1 1 1 
ADDP 643 661 3 0 1 1 1 1 
ADDP 779 600 3 0 1 1 1 1 
ADDP 659 465 3 0 1 1 1 1 
ADDP 598 452 3 0 1 1 1 1 
ADDP 547 467 3 0 1 1 1 1 
ADDC 633 561 4 0 0 255 0 3
ADDP 442 630 4 0 1 1 1 1 
ADDP 944 587 4 0 1 1 1 1 
ADDP 782 593 4 0 1 1 1 1 
ADDP 696 540 4 0 1 1 1 1 
ADDP 698 558 4 0 1 1 1 1 
ADDP 633 560 4 0 1 1 1 1 
ADDC 645 446 5 0 0 255 0 3
ADDP 469 714 5 0 1 1 1 1 
ADDP 962 637 5 0 1 1 1 1 
ADDP 741 455 5 0 1 1 1 1 
ADDP 750 439 5 0 1 1 1 1 
ADDP 681 410 5 0 1 1 1 1 
ADDP 646 445 5 0 1 1 1 1 
ADDC 611 201 6 0 0 255 0 3
ADDP 502 446 6 0 1 1 1 1 
ADDP 789 522 6 0 1 1 1 1 
ADDP 774 330 6 0 1 1 1 1 
ADDP 759 236 6 0 1 1 1 1 
ADDP 644 129 6 0 1 1 1 1 
ADDP 612 201 6 0 1 1 1 1 
ADDC 338 26 7 0 0 255 0 3
ADDP 285 230 7 0 1 1 1 1 
ADDP 904 333 7 0 1 1 1 1 
ADDP 553 48 7 0 1 1 1 1 
ADDP 458 2 7 0 1 1 1 1 
ADDP 370 -23 7 0 1 1 1 1 
ADDP 336 28 7 0 1 1 1 1 
ADDC 231 37 8 0 0 255 0 3
ADDP 127 237 8 0 1 1 1 1 
ADDP 542 62 8 0 1 1 1 1 
ADDP 430 25 8 0 1 1 1 1 
ADDP 307 -18 8 0 1 1 1 1 
ADDP 246 5 8 0 1 1 1 1 
ADDP 231 35 8 0 1 1 1 1 
ADDC 193 104 9 0 0 255 0 3
ADDP 114 307 9 0 1 1 1 1 
ADDP 512 101 9 0 1 1 1 1 
ADDP 324 -14 9 0 1 1 1 1 
ADDP 243 30 9 0 1 1 1 1 
ADDP 211 42 9 0 1 1 1 1 
ADDP 194 104 9 0 1 1 1 1 
