1
ADDC 317 105 0 0 255 0 0 5
ADDP 231 350 0 0 1 1 1 1 
ADDP 354 407 0 0 1 1 1 1 
ADDP 419 199 0 0 1 1 1 1 
ADDP 448 113 0 0 1 1 1 1 
ADDP 564 120 0 0 1 1 1 1 
ADDP 603 199 0 0 1 1 1 1 
ADDP 539 265 0 0 1 1 1 1 
ADDP 436 222 0 0 1 1 1 1 
ADDP 413 118 0 0 1 1 1 1 
ADDP 385 100 0 0 1 1 1 1 
ADDP 342 117 0 0 1 1 1 1 
ADDP 312 107 0 0 1 1 1 1 
ADDP 229 212 0 0 1 1 1 1 
ADDP 234 274 0 0 1 1 1 1 
ADDP 327 324 0 0 1 1 1 1 
ADDP 551 313 0 0 1 1 1 1 
ADDP 686 314 0 0 1 1 1 1 
ADDP 680 361 0 0 1 1 1 1 
ADDC 187 127 0 0 255 0 0 11
ADDP 166 275 0 1 1 1 1 1 
ADDP 199 368 0 1 1 1 1 1 
ADDP 252 415 0 1 1 1 1 1 
ADDP 267 264 0 1 1 1 1 1 
ADDP 283 45 0 1 1 1 1 1 
ADDP 561 67 0 1 1 1 1 1 
ADDP 641 94 0 1 1 1 1 1 
ADDP 572 244 0 1 1 1 1 1 
ADDP 475 366 0 1 1 1 1 1 
ADDP 429 426 0 1 1 1 1 1 
ADDP 342 391 0 1 1 1 1 1 
ADDP 272 204 0 1 1 1 1 1 
ADDP 227 135 0 1 1 1 1 1 
ADDP 196 125 0 1 1 1 1 1 
ADDC 241 387 0 0 255 0 0 3
ADDP 220 465 0 2 1 1 1 1 
ADDP 282 498 0 2 1 1 1 1 
ADDP 355 481 0 2 1 1 1 1 
ADDP 487 289 0 2 1 1 1 1 
ADDP 591 161 0 2 1 1 1 1 
ADDP 659 121 0 2 1 1 1 1 
ADDP 666 297 0 2 1 1 1 1 
ADDP 618 445 0 2 1 1 1 1 
ADDP 533 460 0 2 1 1 1 1 
ADDP 481 106 0 2 1 1 1 1 
ADDP 456 41 0 2 1 1 1 1 
ADDP 332 90 0 2 1 1 1 1 
ADDP 295 171 0 2 1 1 1 1 
ADDP 246 349 0 2 1 1 1 1 
ADDP 243 382 0 2 1 1 1 1 
ADDC 643 141 0 0 255 255 0 3
ADDP 564 359 0 3 1 1 1 1 
ADDP 522 497 0 3 1 1 1 1 
ADDP 627 545 0 3 1 1 1 1 
ADDP 725 383 0 3 1 1 1 1 
ADDP 748 250 0 3 1 1 1 1 
ADDP 682 162 0 3 1 1 1 1 
ADDP 444 102 0 3 1 1 1 1 
ADDP 378 82 0 3 1 1 1 1 
ADDP 681 60 0 3 1 1 1 1 
ADDP 703 61 0 3 1 1 1 1 
ADDP 553 453 0 3 1 1 1 1 
ADDP 450 463 0 3 1 1 1 1 
ADDP 365 474 0 3 1 1 1 1 
ADDP 317 483 0 3 1 1 1 1 
ADDC 522 76 0 0 255 58 99 3
ADDP 337 127 0 4 1 1 1 1 
ADDP 236 159 0 4 1 1 1 1 
ADDP 193 357 0 4 1 1 1 1 
ADDP 242 528 0 4 1 1 1 1 
ADDP 427 544 0 4 1 1 1 1 
ADDP 591 501 0 4 1 1 1 1 
ADDP 385 331 0 4 1 1 1 1 
ADDP 320 243 0 4 1 1 1 1 
ADDP 594 122 0 4 1 1 1 1 
ADDP 659 105 0 4 1 1 1 1 
ADDP 713 175 0 4 1 1 1 1 
ADDP 722 241 0 4 1 1 1 1 
ADDP 691 295 0 4 1 1 1 1 
ADDP 545 45 0 4 1 1 1 1 
ADDP 521 66 0 4 1 1 1 1 
ADDC 283 87 0 0 255 58 99 3
ADDP 180 316 0 5 1 1 1 1 
ADDP 171 450 0 5 1 1 1 1 
ADDP 353 490 0 5 1 1 1 1 
ADDP 469 483 0 5 1 1 1 1 
ADDP 229 262 0 5 1 1 1 1 
ADDP 158 198 0 5 1 1 1 1 
ADDP 527 122 0 5 1 1 1 1 
ADDP 589 134 0 5 1 1 1 1 
ADDP 576 435 0 5 1 1 1 1 
ADDP 506 486 0 5 1 1 1 1 
ADDP 324 465 0 5 1 1 1 1 
ADDP 240 468 0 5 1 1 1 1 
ADDP 218 165 0 5 1 1 1 1 
ADDP 237 96 0 5 1 1 1 1 
ADDP 268 95 0 5 1 1 1 1 
ADDC 196 566 0 0 255 58 99 11
ADDP 608 560 0 6 1 1 1 1 
ADDP 702 462 0 6 1 1 1 1 
ADDP 711 272 0 6 1 1 1 1 
ADDP 326 66 0 6 1 1 1 1 
ADDP 207 238 0 6 1 1 1 1 
ADDP 187 503 0 6 1 1 1 1 
ADDP 187 561 0 6 1 1 1 1 
ADDP 512 461 0 6 1 1 1 1 
ADDP 685 430 0 6 1 1 1 1 
ADDP 702 285 0 6 1 1 1 1 
ADDP 714 178 0 6 1 1 1 1 
ADDP 307 98 0 6 1 1 1 1 
ADDP 229 341 0 6 1 1 1 1 
ADDP 211 462 0 6 1 1 1 1 
