2
ADDC 904 268 1 0 0 0 0 7
ADDP 1058 231 1 0 1 1 1 1 
ADDP 1220 183 1 0 1 1 1 1 
ADDC 914 1073 1 0 0 0 0 7
ADDP 911 632 1 1 1 1 1 1 
ADDP 903 269 1 1 1 1 1 1 
ADDC 1393 351 1 0 0 0 0 7
ADDP 1346 301 1 2 1 1 1 1 
ADDP 1224 184 1 2 1 1 1 1 
ADDC 1406 1079 1 0 0 0 0 7
ADDP 1393 691 1 3 1 1 1 1 
ADDP 1393 353 1 3 1 1 1 1 
ADDC 1565 1078 1 0 0 0 0 7
ADDP 1557 691 1 4 1 1 1 1 
ADDP 1551 411 1 4 1 1 1 1 
ADDC 1552 411 1 0 0 0 0 7
ADDP 1713 356 1 5 1 1 1 1 
ADDP 1804 324 1 5 1 1 1 1 
ADDC 1807 325 1 0 0 0 0 7
ADDP 1873 391 1 6 1 1 1 1 
ADDP 1919 436 1 6 1 1 1 1 
